-7.78060077379344e-05
-8.06130312800837e-05
-8.4242344349556e-05
-8.56731074171016e-05
-8.50757853375421e-05
-8.65377895210399e-05
-9.32873987262693e-05
-0.000103000784503471
-0.000109640069561056
-0.000110400189537595
-0.000109414971701379
-0.000113248430246826
-0.00012323047251367
-0.00013380242459046
-0.00013890672994024
-0.000139004153698873
-0.00014098599355292
-0.000151552262188408
-0.000171005915168479
-0.000192686001064435
-0.000207799802953141
-0.000212296921729535
-0.000211410270861035
-0.000216997700801768
-0.00023654636938062
-0.000262511246824371
-0.000276124834990402
-0.000267676056495819
-0.000252999746348174
-0.000262326138649272
-0.000306673347331047
-0.000359173781732506
-0.00037949872400338
-0.000359866248998109
-0.000338712824918672
-0.000359815841938204
-0.000419935173858778
-0.000467482435279422
-0.000458609780046402
-0.000408867695081784
-0.000380455003916545
-0.000416558005007372
-0.000492763950665914
-0.000536804325574045
-0.000497505356759537
-0.000397587222727131
-0.000322001770286657
-0.000349345541095788
-0.000481558749561536
-0.000634685752299021
-0.000709828797705989
-0.000688403077804584
-0.000653809761646935
-0.000698377026677804
-0.000801863644140045
-0.000827674035889262
-0.000672169684369332
-0.000414779484214189
-0.000278821360602415
-0.00041069210083537
-0.000711627247514386
-0.000927910731178749
-0.00092093093991992
-0.000819287704589774
-0.000871886886845719
-0.001153811444673
-0.0014462380909654
-0.00142739491318552
-0.000985084260312372
-0.000341979370494496
0.000126773489319469
0.000216348804005197
6.21121511040942e-05
-9.85307713425529e-06
0.000164939871197503
0.000376257062889911
0.000242420318022175
-0.000295348974580029
-0.00071871826778955
-0.000339014451381988
0.00091793286744523
0.00222337912655634
0.00256964402797677
0.00187403568600858
0.00118079672811822
0.00152483023275575
0.00262594897318673
0.00303081123976742
0.00179315976616037
-0.000143250466155667
-0.000654036421699483
0.00124563387673864
0.00399696195646985
0.00484314592481413
0.0028014470825786
9.03296114675077e-05
0.000131219736120748
0.00379927913893754
0.00780215916590718
0.00741106619702529
0.00146186067170747
-0.00536462594937892
-0.006177327558725
0.00107200674137962
0.0100887801109513
0.0112046089708068
0.00145013211102051
-0.0104967033348863
-0.0115647632882759
0.00169258800160541
0.0172471173849335
0.0187770476667252
0.00427223470345703
-0.00883113250245725
-0.00116227452934877
0.0249379215072124
0.0431326319057391
0.0292084860011766
-0.0104008041870963
-0.0411520020727903
-0.0356798193607651
-0.00463685506787722
0.0140998595776385
0.0004102143537836
-0.0182647433476771
0.00944579686496198
0.101063470411631
0.209658896696549
0.515902252395603
0.209658896696546
0.101063470411631
0.00944579686496049
-0.0182647433476765
0.000410214353783442
0.014099859577639
-0.00463685506787812
-0.0356798193607651
-0.0411520020727905
-0.0104008041870956
0.0292084860011768
0.0431326319057394
0.0249379215072118
-0.001162274529349
-0.00883113250245727
0.0042722347034573
0.0187770476667253
0.0172471173849335
0.00169258800160505
-0.0115647632882758
-0.0104967033348863
0.00145013211102078
0.0112046089708069
0.0100887801109513
0.00107200674137946
-0.00617732755872507
-0.00536462594937903
0.00146186067170757
0.00741106619702518
0.00780215916590728
0.00379927913893745
0.000131219736120822
9.03296114674874e-05
0.0028014470825788
0.00484314592481402
0.00399696195646976
0.00124563387673853
-0.00065403642169946
-0.000143250466155753
0.00179315976616059
0.00303081123976733
0.00262594897318675
0.00152483023275576
0.00118079672811828
0.00187403568600858
0.00256964402797692
0.00222337912655627
0.000917932867445127
-0.000339014451382005
-0.000718718267789397
-0.000295348974580042
0.000242420318022205
0.000376257062889839
0.000164939871197412
-9.85307713427385e-06
6.21121511041403e-05
0.000216348804005205
0.000126773489319403
-0.000341979370494612
-0.000985084260312462
-0.00142739491318559
-0.00144623809096526
-0.00115381144467287
-0.000871886886845695
-0.000819287704589727
-0.0009209309399199
-0.000927910731178812
-0.000711627247514327
-0.000410692100835322
-0.000278821360602421
-0.000414779484214281
-0.000672169684369346
-0.000827674035889413
-0.000801863644140002
-0.000698377026677704
-0.000653809761646911
-0.000688403077804621
-0.000709828797706006
-0.00063468575229916
-0.000481558749561413
-0.000349345541095695
-0.00032200177028659
-0.000397587222727205
-0.000497505356759588
-0.000536804325574134
-0.000492763950665932
-0.000416558005007222
-0.000380455003916475
-0.000408867695081866
-0.000458609780046464
-0.00046748243527945
-0.000419935173858816
-0.000359815841938055
-0.000338712824918422
-0.000359866248998352
-0.000379498724003464
-0.0003591737817327
-0.000306673347330803
-0.00026232613864915
-0.00025299974634823
-0.000267676056495865
-0.000276124834990438
-0.000262511246824416
-0.000236546369380535
-0.000216997700801713
-0.000211410270861055
-0.000212296921729597
-0.000207799802953179
-0.000192686001064446
-0.000171005915168439
-0.000151552262188363
-0.000140985993552948
-0.000139004153698901
-0.000138906729940256
-0.000133802424590462
-0.00012323047251365
-0.00011324843024681
-0.000109414971701383
-0.00011040018953761
-0.000109640069561071
-0.000103000784503463
-9.32873987262594e-05
-8.65377895210295e-05
-8.50757853375352e-05
-8.56731074171118e-05
-8.42423443495601e-05
-8.06130312800816e-05
-7.78060077379224e-05
